24
39
22
28
13
18
17
41
22
10
85
33
13
31
34
34
50
4
46
43
56
18
19
30
32
37
43
22
68
71
16
68
28
38
25
32
56
19
41
72
32
45
17
22
27
7
29
33
47
17
29
43
16
33
29
88
54
13
7
43
16
15
19
41
18
33
37
51
34
28
50
49
11
22
11
19
28
38
47
28
18
31
35
62
75
69
30
13
40
18
52
14
23
33
38
36
17
48
58
69
23
26
13
28
6
2
31
11
36
18
23
33
21
18
32
16
34
19
65
20
28
29
65
17
85
41
26
14
64
20
62
25
25
25
27
35
27
18
21
18
18
22
22
50
24
14
26
11
12
8
26
11
23
18
4
26
9
10
18
24
33
48
68
76
59
8
25
32
26
18
56
45
60
35
57
16
32
91
24
23
26
40
27
47
17
28
8
21
33
14
9
15
19
23
23
27
33
11
17
24
35
10
32
46
27
19
16
47
21
5
27
8
60
10
39
46
17
29
14
47
62
6
17
25
35
39
23
74
23
37
10
55
24
19
38
8
16
37
19
61
16
20
7
29
19
19
39
37
25
12
33
10
29
8
45
21
36
39
28
4
31
28
44
2
16
10
25
30
25
23
42
59
31
24
34
43
45
14
8
12
20
18
20
61
25
22
31
35
44
12
40
51
45
47
20
12
3
11
4
30
16
75
4
25
12
26
30
29
35
21
30
55
14
2
17
6
18
24
24
19
2
5
17
42
42
52
39
19
18
50
18
15
64
67
2
29
11
37
6
31
13
17
48
13
13
19
19
36
10
20
53
55
31
11
44
26
18
31
34
8
15
29
57
68
33
6
21
24
14
31
15
4
17
17
30
3
6
10
30
37
58
31
30
45
18
6
37
13
4
35
26
32
36
40
21
2
26
17
17
46
47
40
36
11
7
14
23
13
51
26
7
10
65
43
11
24
14
12
13
5
7
37
15
27
17
21
34
41
19
53
40
31
14
28
19
31
55
33
47
34
29
22
6
38
22
4
20
10
47
27
23
19
11
59
34
27
36
30
15
5
57
56
17
48
30
44
10
23
6
44
51
33
43
37
30
5
26
29
12
28
27
28
16
8
10
18
8
15
45
15
62
5
7
11
35
9
27
12
25
26
20
11
16
6
47
20
20
54
14
13
36
11
16
30
34
35
11
29
43
11
38
34
31
6
36
45
30
10
10
31
54
10
50
7
4
12
18
44
41
21
27
41
45
17
28
29
43
3
20
30
19
34
28
16
21
6
43
23
34
18
16
28
35
6
45
39
14
21
39
11
27
14
11
48
22
17
6
21
21
8
22
15
25
33
19
7
29
38
38
41
11
19
25
53
26
23
33
12
25
9
26
35
16
26
18
27
8
22
78
38
5
53
24
25
5
3
4
16
34
37
18
19
43
19
7
5
38
20
3
8
5
15
34
24
30
19
20
3
10
3
25
32
34
40
43
27
13
15
11
6
38
22
35
59
17
35
17
10
56
16
16
8
10
18
23
41
1
13
5
14
16
23
2
15
29
11
19
41
10
18
57
19
8
10
71
59
57
18
10
11
16
31
47
19
5
68
28
18
23
16
24
42
42
16
18
35
27
14
41
14
23
29
11
5
5
16
24
16
25
67
20
44
4
35
18
42
23
35
11
44
12
19
2
10
26
15
12
37
8
17
16
30
22
23
39
15
6
8
29
22
27
34
17
21
31
43
12
35
32
25
31
9
6
24
29
28
27
6
31
22
24
28
2
43
52
25
40
25
11
27
44
23
40
46
28
14
23
28
27
28
15
19
16
21
23
22
13
21
43
29
32
34
25
53
21
6
18
14
21
27
5
28
37
18
38
20
12
25
19
31
24
53
46
12
14
27
16
21
22
22
10
23
25
26
56
19
50
41
20
11
17
20
16
3
10
98
31
8
22
39
11
28
50
28
33
56
56
40
32
28
6
89
26
6
16
7
29
8
18
24
36
85
47
29
35
22
28
30
32
51
44
19
31
25
20
18
28
38
41
13
21
78
32
24
71
45
20
18
36
16
29
31
4
6
8
39
11
8
5
26
28
15
24
21
38
14
24
12
43
29
49
17
39
29
38
26
17
35
44
15
22
10
16
39
22
26
15
33
52
22
22
21
8
32
37
2
16
22
30
10
33
16
20
47
28
33
24
32
29
24
21
14
28
14
11
39
42
15
5
19
23
33
23
36
26
33
41
60
13
83
84
28
31
39
8
29
15
23
44
12
36
21
22
29
26
11
24
26
19
27
18
34
23
24
35
23
18
39
21
46
36
14
27
16
43
21
43
12
25
13
15
29
21
17
31
43
11
27
20
57
55
19
21
24
31
8
24
20
22
11
16
8
35
77
53
29
28
16
46
49
13
38
8
22
45
15
16
22
26
28
11
25
9
10
49
51
28
14
99
37
61
36
27
24
24
12
46
59
35
11
60
44
32
36
35
40
74
38
16
34
28
33
76
36
66
30
44
62
46
18
18
1
4
18
20
45
29
15
28
43
33
27
29
46
39
64
72
48
15
7
14
33
66
17
41
20
31
14
49
23
27
83
38
46
17
37
32
77
49
37
60
79
67
32
28
83
39
32
49
45
53
55
15
14
44
13
23
36
14
9
22
30
61
11
3
66
11
1
66
18
18
13
50
41
40
38
31
21
42
43
56
53
12
43
45
10
50
32
30
34
25
64
40
16
16
37
14
37
76
21
14
35
23
10
36
27
11
3
11
25
29
36
16
28
47
34
49
32
7
21
22
31
15
26
24
45
19
23
62
30
46
13
18
5
71
32
43
5
8
15
26
10
15
26
10
17
30
2
3
25
3
18
57
48
14
33
50
38
38
34
13
52
5
19
25
12
53
35
27
48
17
14
42
13
15
15
14
13
35
21
35
27
27
22
5
28
53
45
11
7
18
10
25
22
31
47
31
39
14
20
41
16
58
33
36
80
34
39
53
17
28
22
44
77
20
46
20
39
42
32
26
15
41
18
42
37
22
18
21
21
23
28
45
9
24
33
16
19
28
42
45
23
17
7
15
63
13
22
37
35
20
20
27
17
11
25
23
34
15
13
19
16
15
38
19
4
26
27
16
30
27
33
33
35
43
21
21
30
27
18
35
22
36
46
18
23
17
8
15
21
40
6
45
8
28
42
28
21
21
37
17
40
19
18
41
14
21
12
26
13
21
17
34
30
19
30
23
10
24
13
31
45
38
57
6
13
34
22
97
18
26
79
14
89
19
92
6
90
90
22
15
87
36
84
62
55
50
43
90
83
17
87
93
23
89
85
36
43
78
86
63
12
16
35
38
13
17
23
12
21
34
28
15
41
14
66
30
20
61
30
16
36
33
52
29
39
20
28
49
8
42
21
69
19
16
19
18
44
48
38
17
26
32
20
19
13
18
41
26
29
20
24
7
28
49
8
7
48
17
19
10
13
14
18
17
11
9
14
50
19
29
30
21
33
26
16
99
31
8
29
40
38
83
15
90
44
9
10
13
74
6
14
55
49
62
17
75
44
8
72
35
61
38
58
75
65
81
64
78
31
10
20
9
50
73
27
12
90
51
26
34
27
10
11
19
18
64
96
23
10
40
69
18
42
62
52
70
31
36
75
10
79
6
20
11
62
51
27
6
63
4
68
34
28
20
55
33
95
88
39
14
15
25
51
72
33
70
81
10
17
39
18
72
15
44
5
58
70
82
57
26
28
47
7
73
11
7
16
44
28
19
18
27
34
20
14
51
61
45
17
10
64
24
62
22
68
59
17
21
28
23
30
66
36
76
64
72
37
40
55
26
29
94
7
34
16
25
69
75
27
26
39
38
34
31
87
94
96
89
8
32
72
23
25
38
75
71
89
80
22
39
25
24
25
43
17
46
29
54
17
88
35
24
34
86
51
69
19
14
55
40
44
8
29
56
71
13
21
17
12
17
55
36
25
42
55
70
57
17
8
32
14
44
69
35
6
27
61
2
46
7
22
17
30
16
15
14
46
6
36
28
19
26
3
8
22
35
34
49
5
23
10
10
41
20
47
11
34
6
39
18
60
16
36
5
21
33
46
47
17
29
15
24
73
18
37
38
53
41
41
10
17
8
42
14
15
7
20
39
7
42
57
63
31
24
65
47
68
18
40
41
29
17
12
45
29
33
36
31
13
35
16
30
43
56
44
47
20
48
24
17
11
58
26
26
25
57
28
55
7
22
20
43
18
43
17
40
25
15
12
35
38
11
36
36
38
34
38
25
1
24
71
48
10
6
7
19
24
38
18
1
11
34
72
17
25
40
36
19
29
43
18
10
8
11
12
12
18
33
30
22
12
19
38
27
20
48
56
17
33
40
22
35
30
19
28
17
22
7
41
43
13
55
14
33
22
19
16
24
53
14
47
8
24
48
30
21
12
15
59
24
16
14
28
40
24
52
63
26
10
21
93
31
10
29
8
52
24
13
8
14
11
21
14
17
14
23
23
22
15
31
16
84
14
24
35
16
42
21
63
9
2
23
40
25
44
95
30
35
88
39
17
21
12
40
53
32
19
13
42
21
40
41
89
21
14
6
2
23
29
41
42
11
25
23
10
42
62
24
27
59
40
24
20
25
28
15
55
7
58
46
15
12
15
27
50
24
32
18
8
31
42
14
14
63
34
32
19
6
52
29
33
23
14
29
51
30
31
7
39
18
26
7
22
13
32
25
64
5
19
10
11
6
11
10
47
19
33
27
28
9
18
49
43
84
14
23
26
35
85
82
13
11
17
34
23
26
42
9
19
59
55
58
16
35
32
53
69
30
48
17
39
62
28
50
41
16
21
66
24
66
89
25
57
60
63
41
41
23
25
17
12
34
16
38
39
42
34
28
26
21
29
27
16
15
41
25
29
36
27
26
30
36
24
32
9
23
10
22
33
14
21
33
50
34
36
28
35
19
25
26
21
10
42
21
24
17
11
24
18
55
25
24
25
50
12
30
13
34
80
29
39
12
22
9
75
87
40
1
34
43
51
45
11
65
66
74
40
10
13
61
12
19
23
45
5
27
9
33
28
73
49
60
63
29
55
88
72
19
19
14
53
42
37
4
11
30
7
58
67
8
18
13
48
18
22
21
61
45
20
35
12
16
38
34
54
12
61
10
22
34
97
29
26
47
10
42
9
13
10
48
15
14
46
20
29
24
19
13
35
96
29
49
19
15
11
88
17
75
29
42
18
20
33
45
20
31
35
3
21
55
12
21
14
20
44
10
76
14
16
17
43
19
14
23
87
89
18
45
63
26
32
34
29
33
61
42
20
27
37
30
47
80
28
35
39
85
5
48
31
24
8
6
11
8
24
97
63
38
37
82
68
25
25
73
22
11
98
49
36
24
11
40
86
21
21
98
93
45
28
31
39
19
59
39
31
28
35
35
78
92
73
62
18
10
71
26
6
34
17
29
45
65
48
9
23
28
15
11
45
12
66
29
50
88
10
43
56
38
21
23
26
79
82
34
43
26
31
75
46
85
47
61
76
66
67
8
15
26
20
69
75
47
56
36
24
40
58
21
73
26
57
12
14
21
25
27
24
42
71
99
27
10
99
15
39
3
29
7
22
37
5
4
8
1
5
16
11
4
16
37
14
44
7
35
15
11
7
10
18
17
16
12
17
8
40
30
21
27
27
9
63
51
18
14
8
44
0
16
25
2
8
2
6
25
3
6
40
36
16
33
4
13
17
16
11
12
19
27
3
26
77
51
16
27
14
1
14
26
8
23
44
11
24
19
17
49
35
34
45
21
16
33
46
7
2
21
7
24
17
19
71
61
39
24
32
30
14
40
30
45
44
29
44
41
12
30
45
17
51
37
27
42
50
37
10
56
12
41
10
50
43
36
7
5
19
58
15
32
37
32
69
50
69
22
11
40
22
16
44
29
26
40
23
18
14
8
21
25
35
7
9
8
27
56
12
31
12
49
25
35
24
23
8
17
15
22
26
69
45
16
10
29
19
14
12
19
48
14
16
15
6
12
19
20
5
13
40
29
56
12
23
16
22
21
17
25
20
8
18
40
4
14
46
38
33
7
35
17
4
8
13
15
11
52
27
51
36
14
71
37
14
5
31
40
4
43
49
40
28
16
49
20
15
20
72
45
13
18
64
67
70
22
56
44
72
20
23
24
46
23
11
21
34
59
17
16
30
18
42
9
28
17
37
36
21
16
14
19
3
19
20
12
68
68
71
70
60
2
4
4
9
7
10
4
66
22
11
37
48
29
12
44
15
33
40
52
30
37
15
80
20
19
67
26
20
12
31
23
22
18
8
18
40
24
16
11
31
52
14
21
24
24
45
24
45
54
28
21
59
56
94
38
37
35
59
26
64
39
29
33
46
37
45
44
41
58
28
31
20
58
30
77
77
26
95
24
49
56
37
21
53
55
55
65
92
28
52
40
25
23
15
66
21
51
47
60
82
43
85
94
18
37
50
16
23
23
20
87
56
29
22
50
16
78
41
11
27
55
64
50
27
25
70
11
43
73
47
46
4
41
25
30
4
37
26
80
37
24
10
38
40
25
15
41
15
35
26
51
25
19
22
36
22
63
42
31
44
30
12
16
96
92
98
65
39
67
97
96
88
88
33
92
48
67
14
7
33
19
25
16
24
20
57
58
55
11
22
26
15
28
29
18
87
90
71
79
83
26
90
58
67
83
97
71
71
71
81
85
79
87
75
61
64
19
86
26
75
79
89
91
98
91
99
18
83
90
84
86
85
89
41
8
57
41
42
18
22
27
26
7
37
14
43
26
2
45
8
11
16
17
22
27
49
46
29
33
9
18
16
14
9
12
9
39
13
14
15
19
11
22
13
29
79
13
8
14
26
46
19
7
14
43
8
17
39
10
27
17
21
25
54
17
46
23
42
31
15
12
40
10
44
16
39
49
25
11
61
5
19
55
35
20
17
62
54
44
50
14
15
55
27
19
21
17
41
68
51
32
37
58
53
52
71
48
64
56
7
34
14
25
52
52
25
36
14
13
23
40
35
59
24
15
24
42
26
13
33
24
7
16
43
26
29
29
26
13
17
8
23
9
43
17
21
12
68
9
23
18
23
19
65
66
19
23
14
25
42
33
24
35
67
15
22
14
21
22
59
22
51
15
19
26
27
27
21
38
33
64
76
20
47
21
43
19
75
37
30
21
32
20
30
9
31
34
7
35
54
36
12
10
19
20
20
32
31
51
38
54
20
56
95
93
72
16
58
7
38
35
71
75
47
56
38
46
45
58
39
36
25
40
14
52
22
47
58
25
19
21
9
51
20
26
49
21
78
19
25
22
4
20
20
22
26
33
8
31
25
32
28
30
27
24
52
22
13
16
16
27
15
29
12
9
34
14
22
34
30
12
25
42
22
39
25
15
43
24
15
40
10
7
3
8
20
22
15
25
54
29
35
41
53
50
11
29
53
9
37
26
38
51
34
27
14
18
31
21
32
44
35
44
39
43
36
6
32
55
35
41
45
29
64
28
37
24
32
33
34
30
30
18
15
57
53
43
75
67
86
94
92
27
91
88
54
80
25
70
25
94
83
43
43
28
66
7
51
32
20
55
72
77
87
81
34
37
19
42
45
18
21
31
21
58
41
45
41
41
88
88
87
23
20
38
21
73
9
55
18
9
50
19
22
27
12
24
10
9
9
38
5
34
26
33
17
27
4
50
13
40
22
47
16
32
39
48
14
34
52
24
17
38
12
49
15
11
15
26
10
49
54
89
51
37
25
66
88
44
21
36
91
35
27
43
88
30
48
17
43
41
22
28
59
53
61
38
27
38
40
56
38
69
57
59
66
51
71
70
23
32
15
24
22
48
42
13
28
54
24
39
37
49
34
8
7
11
27
16
7
27
13
31
25
14
28
42
20
13
24
16
20
30
14
19
20
24
17
18
20
63
19
29
25
35
37
23
17
19
66
17
35
36
37
45
18
14
17
44
70
37
19
20
19
41
44
17
43
29
19
24
65
44
50
34
13
35
18
3
11
4
69
7
50
32
14
23
22
47
10
22
23
19
33
19
40
2
2
12
7
15
21
29
31
45
15
36
67
68
24
89
72
81
77
84
38
67
47
41
30
24
26
38
47
56
28
19
6
85
71
69
91
95
49
46
96
88
71
88
95
92
83
80
96
81
95
86
89
93
93
93
63
94
91
69
20
91
92
74
55
82
84
37
71
52
76
32
87
88
89
92
76
87
94
88
86
77
84
42
77
89
73
97
96
78
87
79
79
57
74
86
68
74
85
87
75
85
92
97
81
89
80
79
83
84
79
84
93
90
19
52
29
25
60
34
65
82
40
25
37
40
57
23
18
16
43
11
31
23
40
40
34
27
24
32
19
22
23
34
40
22
22
6
60
21
6
24
0
9
51
34
44
15
3
19
25
23
41
28
18
38
83
39
26
41
43
19
50
39
43
6
31
33
15
25
28
7
38
18
6
10
55
41
38
30
33
18
18
30
3
24
63
62
19
27
66
21
22
11
51
48
34
9
6
41
19
30
25
19
42
26
28
58
52
76
20
51
60
29
75
14
43
41
29
5
5
12
25
10
76
54
36
37
77
36
72
24
24
49
18
25
27
17
16
52
28
14
14
36
37
30
50
6
6
9
17
29
54
20
22
23
13
8
56
19
17
16
33
30
44
26
43
30
25
8
13
22
27
31
51
19
49
13
23
17
37
10
15
4
66
28
13
28
38
15
21
39
36
65
48
44
66
11
21
39
37
58
62
98
6
20
68
6
33
9
46
48
45
32
10
39
24
82
83
92
88
93
93
95
97
95
94
93
91
97
92
95
97
93
94
92
96
92
13
28
21
15
20
16
83
70
16
24
27
32
21
31
29
47
56
49
47
51
35
68
65
65
74
76
1
24
8
14
32
4
39
21
9
14
8
9
49
70
23
17
18
81
31
21
11
25
26
39
49
59
7
11
10
15
12
61
4
23
17
3
4
0
8
47
26
27
50
18
17
49
3
34
30
22
22
33
9
67
11
15
38
13
29
11
11
9
12
32
26
14
24
34
35
17
51
23
13
39
35
29
13
36
15
39
16
14
10
6
22
32
14
34
20
18
18
28
27
18
24
65
30
14
49
11
10
17
20
26
7
90
37
47
15
1
60
57
26
19
17
30
12
22
33
26
15
87
19
10
18
42
42
7
29
43
14
40
5
47
16
74
49
58
33
63
39
31
77
49
59
59
35
6
67
15
41
63
54
53
62
38
23
21
19
25
38
46
85
37
36
42
86
47
45
45
72
19
38
74
77
62
81
82
29
57
81
67
93
91
86
41
55
87
86
78
87
88
86
86
84
82
15
37
26
51
12
27
0
10
10
11
22
28
86
52
25
54
54
10
76
7
27
26
73
13
11
30
7
10
12
23
16
16
7
22
43
25
37
39
15
25
30
39
27
1
32
19
49
35
18
45
14
13
29
15
9
27
15
34
6
27
9
30
40
62
23
31
17
43
18
3
43
16
19
72
78
55
70
77
76
69
48
28
76
55
33
59
41
26
27
41
33
21
40
7
12
40
45
21
40
25
37
20
26
21
37
87
77
88
94
67
29
27
26
46
26
21
16
27
17
45
35
2
11
2
10
40
25
9
21
11
5
9
13
15
13
29
35
13
22
46
27
21
39
54
31
27
57
50
35
36
30
28
67
40
27
36
31
58
84
70
38
55
18
35
16
44
14
89
23
17
10
12
6
39
26
70
20
87
42
8
2
7
27
33
42
71
39
61
82
30
13
22
36
14
19
20
14
80
80
11
83
90
38
95
70
21
96
93
91
90
77
90
29
40
42
9
31
55
60
65
21
32
34
8
40
24
10
38
29
20
20
16
7
42
12
21
56
28
11
16
16
7
25
38
41
26
30
56
39
33
29
23
6
10
5
27
12
22
30
16
7
16
42
27
7
12
68
52
53
78
45
36
19
54
5
3
33
4
29
11
37
5
46
6
19
33
46
76
85
22
71
87
87
79
39
57
63
40
13
5
20
23
36
28
12
10
37
72
32
45
19
14
37
28
7
80
10
55
7
61
51
19
23
16
42
71
17
20
11
16
44
34
6
6
57
71
52
25
17
40
61
16
85
12
16
28
41
37
32
60
56
59
32
33
26
36
11
15
8
9
21
5
23
25
51
19
66
51
43
60
26
16
14
38
11
48
37
41
18
6
10
63
21
75
23
33
40
40
21
10
64
27
53
17
15
25
32
15
44
29
24
37
8
40
37
27
22
63
22
36
14
32
16
33
30
66
70
15
13
37
44
16
28
1
12
8
17
34
13
7
41
49
28
25
9
20
42
43
27
15
49
22
69
46
43
90
28
34
18
30
17
50
69
10
22
43
17
20
19
23
35
38
14
25
47
22
63
60
91
94
76
90
35
97
80
15
91
22
55
30
8
15
49
32
81
80
13
23
54
63
47
61
34
10
41
17
31
34
28
39
46
42
37
22
21
57
42
31
55
11
38
34
18
15
34
39
23
41
8
12
27
1
68
32
10
21
25
68
11
13
10
26
32
46
67
52
43
72
70
34
7
49
37
45
30
34
54
29
41
22
23
65
28
27
35
24
14
15
14
5
62
9
39
30
48
85
39
79
86
71
37
40
20
16
18
28
30
35
23
22
27
48
25
17
19
16
35
82
94
88
27
16
42
13
9
32
49
49
49
12
18
8
16
41
31
54
11
20
23
17
33
16
19
23
12
47
34
34
51
22
21
18
14
4
16
15
37
83
20
29
16
20
34
10
22
31
73
41
31
37
30
52
26
36
3
16
11
14
13
30
43
75
14
83
56
12
31
67
78
3
18
27
14
25
13
24
42
5
9
21
18
16
16
13
79
31
35
8
13
22
