1
218
54
20
19
319
456
218
278
26
5
225
70
15
26
7
1
76
69
69
4
33
658
76
105
61
26
126
36
38
58
46
225
105
10
314
62
193
101
83
4
7
2
36
3
5
5
95
502
37
43
33
85
19
92
5
34
93
58
185
17
79
321
22
324
11
334
872
178
139
2
139
21
1069
16
26
172
323
107
15
108
205
204
2
5
4
40
4
92
341
28
1010
248
169
353
285
147
4
38
868
12
20
29
13
114
101
75
405
36
356
4
89
20
48
117
316
514
879
34
98
501
103
27
16
13
52
304
57
15
74
9
58
193
98
76
382
97
14
402
414
23
54
631
24
12
5
36
10
26
37
610
29
8
7
44
486
41
883
1026
145
170
14
37
24
40
39
1
6
48
70
6
442
12
1047
27
46
555
93
272
92
156
692
452
97
21
33
45
105
187
78
15
8
11
105
25
23
79
34
6
415
86
121
222
10
85
115
36
700
84
220
357
137
105
4
231
672
274
124
101
13
243
43
83
105
35
16
88
111
2
7
31
442
421
115
191
83
275
402
1089
260
307
1
159
193
257
200
316
270
352
101
401
9
13
54
732
154
202
329
180
63
174
636
366
158
339
154
528
27
293
139
28
214
16
536
14
24
114
4
65
84
44
20
912
13
378
68
252
395
5
76
417
133
157
179
28
6
4
8
162
776
208
146
89
566
76
8
105
561
595
179
59
249
3
84
64
214
249
177
296
330
67
53
202
486
220
669
136
71
113
353
76
141
212
1
76
8
158
185
159
196
133
109
17
169
29
199
60
583
150
136
54
632
471
62
130
217
543
766
732
42
346
219
13
5
14
47
92
296
151
50
134
101
263
233
78
156
136
48
77
206
263
250
511
176
46
135
443
87
62
16
445
11
222
444
89
41
306
647
210
55
18
147
880
105
29
173
60
55
50
58
23
187
281
174
70
81
98
75
253
40
53
272
378
126
258
116
68
136
126
21
102
12
90
332
180
104
119
621
64
16
106
81
1
179
189
58
12
53
30
62
80
74
1
134
33
17
72
43
1
23
268
6
294
53
18
14
66
180
33
327
305
3
111
33
2
5
7
131
156
52
89
593
30
8
2
28
238
54
204
411
256
52
22
69
4
27
204
9
44
75
304
126
11
7
10
132
10
53
18
266
115
35
56
556
54
128
15
125
330
24
28
3
201
77
64
34
42
318
43
168
255
661
123
91
38
34
133
111
61
34
17
66
156
16
475
87
147
115
69
213
42
65
443
115
274
55
34
56
471
110
34
171
226
144
282
157
265
77
54
165
249
49
164
256
319
345
130
57
23
139
204
301
62
446
135
205
69
16
377
352
231
245
1
4
349
71
358
27
44
83
221
48
96
92
45
61
93
48
24
82
188
2
55
320
158
240
24
16
387
76
542
11
383
71
182
93
119
115
63
518
143
169
122
166
31
215
124
68
117
122
8
90
8
508
139
71
14
117
274
245
107
9
25
390
296
525
140
239
10
227
19
126
189
151
320
438
100
231
55
166
281
262
101
67
479
422
14
52
71
250
657
19
59
174
86
3
38
9
67
154
71
49
89
256
167
105
68
330
311
207
15
100
220
2
84
44
108
274
59
63
171
44
47
230
165
146
86
332
146
3
124
26
70
439
87
5
494
311
231
126
472
415
103
334
318
113
80
7
116
76
124
83
66
108
214
133
162
129
209
69
19
158
43
320
243
291
31
158
25
166
2
17
12
75
3
417
367
96
550
166
120
331
332
116
72
31
127
103
40
33
60
298
146
51
20
234
1045
149
189
56
177
91
290
266
80
105
116
16
397
59
34
356
9
294
56
108
29
326
103
13
115
67
401
7
4
42
68
127
2
52
62
361
764
127
121
101
87
294
54
644
53
96
57
980
498
52
72
1055
193
139
3
32
27
36
90
61
59
23
96
29
16
104
20
58
28
207
259
43
31
94
91
9
40
51
129
19
174
77
33
178
74
28
13
2
102
6
287
141
80
59
186
26
69
61
644
12
217
45
17
462
178
53
10
58
44
15
272
256
52
567
5
166
117
186
54
9
62
60
80
184
68
169
4
71
19
46
22
27
19
58
241
152
18
7
19
105
63
69
93
315
118
40
172
74
30
75
139
161
278
18
113
45
250
17
5
142
57
133
236
53
370
92
11
10
63
92
85
268
100
95
78
56
7
104
65
105
19
206
25
925
334
276
23
15
55
137
87
89
29
62
68
195
622
24
96
226
132
44
37
9
168
184
155
25
21
37
398
28
54
80
114
88
105
234
56
79
174
85
85
112
958
63
58
115
105
14
8
48
87
267
208
47
141
125
182
158
126
78
123
69
184
172
404
172
81
521
587
37
50
256
138
95
146
173
161
93
278
31
46
59
168
160
111
76
790
30
186
36
175
137
46
22
194
84
59
90
133
288
24
21
41
158
152
153
235
210
157
13
137
4
10
27
91
253
230
275
120
27
39
314
181
194
151
98
21
119
13
255
183
94
460
130
46
98
74
113
101
97
20
47
272
160
222
24
130
147
177
153
94
72
167
102
91
2
40
110
114
15
25
22
2
66
31
3
20
48
92
10
27
17
38
85
54
46
26
19
89
84
34
123
167
56
61
65
115
112
38
30
54
22
7
6
7
75
75
14
12
64
31
14
16
55
4
4
54
51
26
74
29
24
11
19
118
2
56
60
46
73
164
101
83
82
131
86
40
113
128
77
60
8
234
104
139
98
102
198
122
18
64
275
345
354
104
222
177
6
143
67
188
44
102
138
39
46
143
219
69
52
30
127
86
244
175
21
10
80
39
146
41
3
8
45
4
127
24
49
103
89
121
66
40
39
9
8
71
38
14
141
135
26
126
42
32
7
74
169
131
76
12
48
8
33
115
33
58
204
36
177
22
69
119
38
109
111
36
27
106
14
34
57
55
43
70
54
32
112
44
154
31
126
148
27
235
73
6
17
11
49
21
85
4
94
47
2
37
19
23
5
35
63
45
56
130
18
25
38
22
29
26
28
136
96
123
102
32
34
68
40
16
17
10
165
65
11
17
37
110
67
42
37
13
93
20
40
27
132
2
63
9
68
30
53
77
76
7
28
98
34
23
75
85
105
41
46
49
27
75
94
40
30
134
94
64
21
83
132
50
20
29
43
41
63
73
117
43
19
105
22
21
57
1
38
5
3
86
4
24
9
22
36
62
33
18
6
44
221
10
48
30
46
30
124
7
53
18
16
12
21
5
11
3
6
27
2
16
2
52
2
2
79
16
2
62
5
12
51
18
16
5
3
130
9
5
61
3
3
25
3
5
54
3
35
10
21
81
5
170
8
33
82
19
38
29
13
17
86
20
45
55
119
21
63
106
72
51
167
78
9
62
45
124
5
41
29
12
13
58
28
61
103
126
39
85
25
86
32
93
5
25
7
31
46
16
29
35
13
9
10
12
34
56
41
37
15
92
24
80
32
156
131
21
39
222
5
3
6
1
8
11
25
5
19
2
2
7
13
2
1
2
2
15
1
2
1
2
5
22
35
18
1
12
2
10
1
2
2
2
8
1
47
4
14
12
2
3
8
19
1
1
16
1
3
7
8
7
9
3
3
5
31
6
2
5
117
4
39
4
83
9
1
2
8
3
39
2
1
1
51
3
17
30
2
10
15
18
3
16
4
3
16
3
18
15
16
3
20
21
3
3
1
1
2
1
36
2
5
6
3
2
3
2
4
2
37
2
26
14
32
14
3
1
3
14
7
24
46
4
1
10
15
3
22
8
8
5
7
3
4
14
6
12
10
1
3
2
3
4
9
9
2
51
9
3
6
45
17
20
4
2
16
3
26
9
4
8
2
3
3
3
2
8
3
11
10
7
4
1
4
2
9
20
12
68
31
21
69
5
14
19
7
3
13
20
2
3
7
9
10
35
20
20
29
16
5
1
5
20
10
8
34
15
10
15
13
11
49
17
46
33
15
88
7
21
4
11
6
27
13
49
20
17
12
22
52
25
8
111
63
39
45
9
37
8
64
83
52
10
25
27
13
29
49
25
82
26
11
1
12
41
11
20
22
8
23
15
31
19
49
48
27
6
12
14
16
8
28
45
8
1
5
5
81
8
15
3
13
3
75
159
2
2
8
8
56
91
17
11
19
99
4
4
4
64
7
76
14
28
12
10
1
52
4
54
16
30
39
8
34
9
50
22
29
34
8
4
26
5
23
14
2
28
22
18
8
12
87
35
14
19
6
18
14
135
106
55
115
47
33
4
5
7
10
20
15
12
14
27
15
13
11
22
11
17
21
7
53
5
38
15
44
6
22
21
18
47
3
91
19
5
13
17
64
46
32
58
10
26
3
88
67
26
24
70
113
65
24
89
102
87
42
13
29
76
210
2
7
38
6
11
39
1
1
3
1
13
12
6
1
22
1
5
21
2
24
79
4
1
37
8
1
6
5
77
53
17
4
31
19
4
7
12
23
15
2
8
1
11
18
31
11
1
6
3
6
35
5
1
7
24
1
7
34
4
10
8
1
6
3
11
7
38
2
32
3
1
10
10
6
8
31
18
9
51
5
3
7
2
39
7
10
17
3
30
12
5
66
10
10
8
9
27
75
18
18
1
17
8
12
27
7
38
4
35
4
16
45
26
2
2
1
62
7
83
5
18
10
1
9
2
11
19
7
24
9
59
14
12
7
2
38
31
8
82
20
30
67
17
11
10
12
15
6
8
9
96
16
18
43
38
23
130
105
37
55
22
59
8
103
97
22
23
111
2
15
22
4
32
22
18
2
23
55
13
162
21
26
13
1
48
2
8
10
12
4
3
23
19
17
15
2
13
6
9
25
14
8
4
10
42
78
36
70
42
37
47
22
22
15
37
15
7
13
43
13
24
11
32
14
22
27
20
51
46
30
16
5
21
11
6
32
19
22
42
53
25
23
17
21
20
30
37
18
5
24
18
110
30
23
17
32
4
11
8
4
22
23
68
26
56
35
35
64
53
107
1
12
9
19
49
4
22
44
12
70
21
30
20
45
69
68
14
43
35
4
37
13
32
9
91
16
11
11
40
49
16
15
56
19
17
5
50
41
19
10
2
11
22
121
10
3
3
12
26
13
12
17
51
14
25
49
15
11
7
8
39
52
8
26
37
18
19
17
15
9
5
14
32
8
19
4
39
14
7
45
68
66
47
25
47
24
7
34
34
25
15
13
1
8
19
15
30
17
27
32
35
22
50
13
88
8
64
37
6
21
113
20
5
2
19
82
25
42
1
12
1
3
3
1
5
16
9
8
7
1
6
2
1
2
11
1
11
22
2
13
2
27
1
49
12
2
1
1
2
1
1
1
7
1
1
3
8
9
2
22
2
1
6
11
2
1
3
1
7
1
1
9
4
1
6
2
10
9
23
4
4
7
8
2
4
1
7
1
4
8
2
1
1
7
4
3
3
14
10
8
9
1
4
12
1
5
18
4
1
3
3
2
14
10
4
5
2
6
1
1
20
7
14
16
10
3
2
3
6
3
18
3
3
12
1
1
31
3
7
3
1
53
16
26
18
1
23
2
1
2
2
29
3
13
5
6
7
24
59
5
6
7
132
12
65
16
1
13
13
30
31
24
21
3
62
12
19
15
4
34
26
13
6
76
14
22
66
17
8
21
66
13
15
53
16
35
27
15
14
4
4
31
14
8
6
32
18
126
52
19
18
18
21
48
48
17
15
52
32
2
7
10
24
32
13
11
6
4
11
7
7
6
29
2
7
6
8
5
8
13
6
20
53
19
55
10
70
38
25
24
19
10
54
43
2
23
23
15
20
4
6
56
34
28
6
19
48
38
26
34
59
7
24
39
58
8
12
33
49
35
24
16
4
9
11
5
1
27
7
9
5
4
6
3
21
6
5
12
3
5
1
8
1
7
1
6
5
9
5
10
5
7
46
10
3
11
22
40
1
31
4
47
31
13
11
3
4
14
1
21
3
16
65
8
4
14
18
20
9
33
16
9
14
17
51
31
11
20
11
33
85
12
39
43
35
13
32
15
28
33
7
19
17
35
11
7
37
29
19
6
3
7
39
75
5
42
39
53
24
16
3
10
4
6
12
3
9
42
14
31
11
36
11
8
18
27
12
45
16
28
5
27
16
16
5
24
31
33
12
19
8
17
6
8
19
20
22
8
16
45
9
19
1
27
13
8
2
19
6
19
4
8
1
3
25
10
11
9
32
5
4
3
4
5
2
16
9
13
11
29
7
2
15
38
4
2
3
2
8
3
3
15
6
8
14
2
2
6
28
16
6
4
6
11
7
12
15
28
6
2
12
6
5
5
3
4
4
4
5
13
3
4
4
17
2
16
1
1
19
2
3
7
6
35
10
36
10
1
1
1
20
51
1
8
10
1
2
3
4
6
22
5
2
14
7
27
22
5
4
1
2
2
1
4
8
31
2
7
2
2
2
33
22
3
8
7
6
21
4
5
10
35
10
15
5
14
22
5
1
2
7
2
8
11
7
13
1
7
19
7
7
1
5
1
16
9
5
3
7
16
15
15
8
29
2
9
3
49
7
4
19
13
35
9
8
13
20
4
8
6
17
12
4
2
18
1
42
4
2
2
16
13
16
1
1
4
5
12
22
8
27
10
17
4
8
21
22
41
5
5
1
3
21
17
84
29
12
11
20
2
1
2
2
1
6
3
1
2
1
1
2
1
2
1
1
1
3
1
2
1
4
1
8
3
1
1
1
1
23
6
22
4
1
3
1
1
1
36
26
19
23
24
28
9
4
6
20
20
12
7
42
8
12
21
14
43
36
14
18
10
48
10
11
6
23
12
3
1
6
3
14
11
3
8
10
1
3
36
57
19
7
22
106
77
30
37
37
29
29
12
22
79
84
9
5
13
18
27
9
33
65
38
7
23
22
31
2
13
41
29
9
6
3
7
19
1
10
22
4
22
9
15
3
18
2
2
7
8
2
5
9
7
9
4
18
2
9
10
3
10
3
4
15
8
10
3
27
9
4
2
8
7
2
1
19
4
19
5
19
21
20
16
19
18
16
20
1
17
30
14
40
16
35
2
35
11
48
24
5
20
5
2
7
3
2
19
3
4
6
3
13
6
15
18
5
31
9
9
6
13
34
25
6
7
15
12
9
16
2
9
33
13
24
17
9
8
7
16
15
17
10
6
5
12
30
1
7
11
4
9
8
20
3
12
8
5
3
16
16
25
9
15
7
4
12
18
7
2
1
4
2
2
6
5
2
10
2
11
10
10
7
3
8
1
7
3
2
15
5
3
6
25
3
1
8
1
1
15
12
3
2
3
11
11
7
16
3
4
3
8
6
17
7
2
7
8
4
9
17
4
6
5
5
3
30
16
17
15
18
3
1
9
3
10
6
5
19
3
1
11
22
10
15
5
7
1
6
8
9
18
6
46
7
13
12
11
5
4
21
8
1
10
2
2
11
31
14
25
21
6
17
6
2
3
2
26
2
6
6
5
10
8
27
8
21
19
23
4
6
10
3
15
15
6
4
3
5
13
19
35
32
6
4
2
2
1
5
2
4
1
2
2
9
6
2
1
3
15
4
12
1
2
20
3
2
7
4
1
2
11
5
5
10
10
3
12
4
20
2
3
1
2
3
6
6
7
25
13
8
7
8
20
9
13
3
3
7
3
7
3
3
5
7
9
21
26
16
9
4
1
1
6
5
17
10
16
6
4
7
20
47
13
13
3
3
5
5
1
8
8
2
4
14
3
4
1
1
2
1
1
2
1
1
2
3
1
7
7
5
1
2
3
7
2
3
21
7
2
2
1
15
2
2
3
7
11
1
3
1
1
1
2
3
15
15
2
5
1
3
2
1
2
2
8
2
7
13
7
8
7
1
12
5
1
9
8
14
15
5
4
13
11
6
8
3
2
2
3
1
3
6
5
11
5
4
1
9
2
2
3
6
2
3
3
10
3
6
1
2
2
9
6
15
2
6
12
6
12
4
1
3
3
4
3
2
5
3
8
3
5
4
4
1
2
3
3
1
7
6
16
13
43
1
2
2
5
9
4
16
2
6
18
1
10
3
10
5
5
20
9
4
6
5
5
2
2
2
1
1
2
6
13
12
4
4
4
5
4
25
2
2
2
1
1
1
1
1
1
1
1
1
1
1
1
1
1
1
1
1
1
1
2
1
1
1
1
1
1
1
5
1
2
1
1
1
1
1
1
6
1
1
1
1
1
1
2
1
1
1
1
1
1
2
2
1
1
2
2
1
1
1
1
5
1
1
1
1
2
1
1
1
1
1
1
1
1
1
1
1
1
1
1
1
2
10
9
18
8
6
1
3
14
7
1
4
2
10
2
7
10
8
5
7
6
1
6
3
1
3
3
1
2
4
3
2
6
5
7
5
4
6
2
4
1
1
9
22
5
3
7
3
5
5
4
5
1
5
1
3
4
8
2
4
8
6
18
5
2
4
4
6
7
8
5
6
3
2
1
8
20
9
18
7
9
13
4
2
2
1
2
1
4
4
4
4
1
2
4
3
4
4
3
5
8
3
1
2
2
4
5
11
9
3
3
11
10
9
8
4
8
12
23
11
7
2
1
11
5
1
2
3
6
1
4
8
6
10
2
4
4
3
10
16
1
8
5
5
1
2
2
10
2
21
6
3
1
8
4
10
3
1
1
7
5
10
3
3
4
1
15
1
3
1
16
4
4
7
5
1
3
5
6
2
4
2
16
2
3
4
7
4
7
1
1
7
1
3
4
3
5
1
4
3
5
5
3
2
3
2
1
1
4
2
4
2
1
3
8
3
2
1
1
1
1
1
1
1
1
2
3
1
1
3
1
1
1
1
2
4
7
3
4
6
2
2
7
2
2
3
3
8
3
1
1
1
2
1
2
1
2
1
1
4
1
7
10
5
1
1
1
4
2
2
7
1
1
1
1
1
1
1
1
1
1
1
1
1
1
1
3
2
1
1
1
2
2
1
1
1
1
1
1
1
2
1
1
1
3
1
1
2
1
1
2
1
3
1
1
1
2
3
5
5
2
1
1
1
1
1
1
1
1
1
1
1
1
2
7
1
1
5
3
2
3
1
1
1
1
2
1
1
1
2
1
1
2
1
1
1
1
4
1
1
1
1
2
1
1
4
1
4
2
2
1
2
4
2
1
2
1
2
3
1
15
1
1
2
3
13
2
4
2
2
2
5
2
2
2
2
5
5
2
3
8
4
2
4
1
4
14
2
1
1
6
5
1
3
5
1
9
2
1
1
1
4
1
1
4
1
3
1
3
4
1
3
1
1
2
4
1
3
1
2
3
4
1
1
1
4
4
2
3
1
3
4
4
4
5
4
1
1
1
1
2
2
5
2
12
4
8
6
2
3
29
3
4
4
1
3
2
1
1
6
1
1
3
1
1
2
1
1
1
4
2
2
3
1
1
4
2
1
1
1
3
3
1
10
3
4
6
2
1
4
2
1
1
3
1
1
4
2
3
2
2
6
1
3
3
1
1
1
2
1
1
1
1
1
1
1
1
3
1
2
5
1
2
4
1
2
4
5
1
3
2
14
2
2
5
2
2
14
10
2
5
1
2
1
2
1
8
5
6
4
1
1
1
1
1
3
1
1
2
4
1
1
1
4
1
4
9
7
2
1
2
5
1
7
2
3
2
42
1
1
4
1
1
3
2
2
1
1
1
4
1
1
2
1
1
1
3
2
1
5
4
4
14
1
1
3
11
1
1
2
1
1
1
1
1
1
1
1
1
1
2
1
1
1
1
1
1
9
1
4
1
5
1
1
1
4
1
2
2
3
1
2
1
3
1
1
2
4
3
9
3
3
1
1
3
1
2
1
2
5
1
3
2
5
3
1
1
2
7
2
1
1
1
3
1
5
1
2
1
2
6
6
1
1
3
1
1
4
4
1
4
10
2
3
1
5
9
2
3
1
2
1
2
1
4
2
10
14
6
2
3
1
1
1
1
1
4
7
3
1
10
2
1
1
1
1
1
1
1
1
1
1
2
2
1
1
4
4
1
2
4
7
4
5
2
2
2
4
2
3
2
1
2
1
1
1
1
1
4
2
2
1
2
9
1
1
1
1
2
2
3
1
3
3
2
1
4
5
1
2
7
1
1
4
2
1
2
1
3
7
1
1
1
2
1
2
4
1
4
1
2
2
3
1
2
2
1
4
3
2
3
1
1
2
2
1
3
1
1
1
1
1
1
2
4
4
1
4
1
1
1
1
1
1
2
3
2
3
1
1
1
1
1
1
1
2
5
2
2
1
1
1
1
1
3
1
1
2
1
2
1
4
1
1
2
4
1
2
3
4
1
1
1
1
2
1
1
3
1
2
1
2
2
1
4
1
1
1
1
2
1
5
1
4
2
1
1
1
3
1
2
2
1
1
1
1
1
1
3
1
1
3
1
7
1
3
2
9
3
1
1
2
2
2
1
2
1
2
1
1
1
1
1
1
1
2
3
1
4
2
2
2
1
3
6
8
1
1
1
1
1
1
1
2
1
4
2
2
1
1
1
1
1
1
10
4
1
1
1
1
1
1
1
1
1
1
1
1
1
4
1
1
1
1
2
1
2
1
1
1
1
3
2
1
1
1
1
1
1
3
1
1
1
1
1
1
1
1
1
1
1
3
1
1
1
1
1
2
2
1
2
5
1
1
2
1
1
1
1
2
1
3
6
2
1
3
2
1
1
1
1
5
1
3
1
2
2
1
5
2
1
1
1
2
1
3
2
1
2
3
1
1
1
1
1
2
1
1
1
1
3
2
1
1
1
2
1
1
2
1
1
1
1
1
1
1
2
1
2
2
1
1
1
1
1
1
1
1
1
1
1
1
1
1
1
1
1
1
1
1
1
1
1
1
1
1
